172.31.24.234
--------------------
0.000538
0.000574
0.000624
0.000543
0.000545
0.000606
0.000539
0.000609
0.000539
0.000554
0.000597
0.000586
0.000496
0.000612
0.000490
0.000609
0.000574
0.000590
0.000587
0.000622
0.000591
0.000609
0.000603
0.000541
0.000620
0.000562
0.000569
0.000570
0.000536
0.000596
0.000626
0.000569
0.000576
0.000570
0.000539
0.000613
0.000605
0.000613
0.000556
0.000609
0.000618
0.000533
0.000594
0.000547
0.000545
0.000599
0.000565
0.000617
0.000607
0.000499
0.000604
0.000535
0.000596
0.000537
0.000592
0.000555
6.187997
0.000532
0.000548
0.000562
0.000602
0.000545
0.000579
0.000594
0.000602
0.000530
0.000561
0.000523
0.000525
0.000597
0.000528
0.000607
0.000621
0.000610
0.000578
0.000572
0.000556
0.000614
7.109690
0.000539
0.000569
0.000516
0.000615
0.000591
0.001560
0.000467
0.000588
0.000582
0.000596
0.000612
0.000531
0.000596
0.000595
0.000524
0.000503
0.000555
0.000590
0.000596
0.000606
0.000584
0.000553
0.000515
0.000498
0.000552
0.000562
0.000609
0.000611
0.000534
0.000606
0.000505
0.000529
0.003788
0.000617
0.000173
0.000596
0.003968
0.000559
0.000551
0.000606
0.003683
0.000514
0.000525
0.000574
0.000592
0.000607
0.000617
0.000552
0.000605
0.000616
0.000572
0.000618
0.000559
0.000551
0.000571
0.000590
0.000573
0.000570
0.000545
0.000576
0.000574
0.000510
0.000546
0.000617
0.000511
0.000608
0.000598
0.000597
0.000587
0.000561
0.000556
0.002662
0.000513
0.000524
0.002374
0.000555
0.000621
0.000558
0.000583
0.000584
0.000601
0.000583
0.000619
0.000521
0.000592
0.000606
0.000487
0.000590
0.000532
0.000612
0.000618
0.000596
0.000580
0.000617
0.000593
0.000521
0.000617
0.000624
0.000599
0.000536
0.000545
0.000625
0.000607
0.000571
0.000577
0.000577
0.000500
0.000591
0.000599
0.000624
0.000545
0.000629
0.000514
0.000598
0.000570
0.000604
0.000593
0.000606
0.000520
0.000602
0.001816
0.000563
0.000352
0.000550
0.000602
0.000615
0.000598
0.000633
0.000614
0.000604
0.000493
0.000627
0.000537
0.000602
0.000555
0.000526
0.000581
0.000579
0.000531
0.000606
0.000568
0.000584
0.000563
0.000586
0.000581
0.000530
0.000623
0.000550
0.000580
0.000517
0.000648
12.255129
0.000586
0.000604
0.000605
0.000617
0.000576
0.000518
0.000619
0.000622
0.000577
0.000525
0.000594
0.000191
0.000519
0.000627
0.000556
0.000534
0.000597
0.000562
0.000608
0.000541
0.000552
0.000582
0.000602
0.000566
0.000622
0.000562
0.000614
0.000529
0.000209
0.000604
0.000583
0.000573
0.000528
0.000542
0.000604
0.000583
0.000577
0.000516
0.000573
0.000412
0.000452
0.000601
0.000555
0.000497
0.000564
0.000601
0.000546
0.000564
0.000557
0.000558
0.000602
0.000543
0.000512
0.000525
0.000559
0.000565
0.000604
0.000611
0.000582
0.000581
0.000598
0.000612
0.000617
0.000553
0.000581
0.000558
0.000530
0.000575
0.000603
0.000544
0.000612
0.000585
0.000512
0.000585
0.000578
0.000573
0.000618
0.000556
0.000581
0.000554
0.000590
0.000596
0.000538
0.000579
0.000496
0.000499
0.000583
0.000507
0.000522
0.000560
0.000590
0.000589
0.000593
0.000628
0.000618
0.000603
0.000605
0.000535
0.000605
0.000572
0.000600
0.000616
0.000596
0.000605
0.000543
0.000512
0.000550
0.000616
0.000490
0.000576
0.000556
0.000535
0.000571
0.000503
0.000614
0.000606
0.000598
0.000531
0.000284
0.000592
0.002095
0.000558
0.000595
0.000128
0.000618
7.109477
0.000535
0.000509
0.000574
0.000553
0.000626
0.000606
0.000608
0.000556
0.000529
0.000561
0.000576
0.000592
0.000597
0.000546
0.000564
0.000553
0.000568
0.000620
0.000558
0.000566
0.000648
0.000543
0.000571
0.000521
0.000581
0.000559
0.000585
0.000582
0.000600
0.000560
0.000608
0.000557
0.000540
0.000568
0.000589
0.002419
0.000885
0.000608
0.000523
0.000623
0.000572
0.000624
0.000525
0.000609
0.000552
0.000601
0.000610
0.000441
0.000469
0.000644
0.000614
0.000578
0.000555
0.000553
0.000615
0.000612
0.000630
0.000532
0.000536
0.000514
0.000594
0.000061
0.000545
0.000590
0.000606
0.000579
0.000598
0.000530
0.000575
0.000474
0.000559
0.000549
0.000557
0.000618
0.000599
0.000640
0.000613
0.000552
0.000566
0.000604
0.000614
0.000480
0.000563
0.000616
0.000246
0.000647
0.000602
0.000606
0.000569
0.000521
0.000521
0.000582
0.000597
0.000591
0.000612
0.000610
0.000602
0.000537
0.000509
0.000563
0.000602
0.000587
0.000609
0.000608
0.000560
0.000616
0.000525
0.000383
0.000593
0.000584
0.000582
0.000553
0.000608
0.000546
0.000508
0.000525
0.000492
0.000571
0.000590
0.000613
0.000594
0.001991
0.000576
0.000557
0.000492
0.000512
0.000582
0.000594
0.000555
0.000543
0.000603
0.000564
0.000605
0.000586
0.000613
0.000582
0.000595
0.000562
0.000572
0.000578
0.000563
0.000585
0.000613
0.000605
0.000535
0.000623
0.000572
0.000523
0.000589
0.000513
0.000570
0.000554
0.000565
0.000602
0.000589
0.000494
0.000552
0.000616
0.000539
0.000589
0.000562
0.000578
0.000550
0.000473
0.000555
0.000573
0.000505
0.000577
0.000552
0.000640
0.000568
0.000445
0.000484
0.000551
0.000125
0.000588
0.000618
0.000591
0.000555
0.000548
0.000598
0.000601
0.000471
0.001778
0.000598
0.000542
0.000609
0.000560
0.000590
0.000562
0.000534
0.000605
0.000521
0.000587
0.000608
0.000577
0.000586
0.000618
0.000542
0.000609
0.000571
0.000590
0.000608
0.000629
0.000510
0.000586
0.000585
0.000604
0.000613
0.000540
0.000614
0.000620
0.000511
0.000608
0.000603
0.000515
0.000558
0.000586
0.000575
0.000606
0.000586
0.000623
0.000586
0.000521
0.000589
0.000615
0.000620
0.000536
0.000595
0.000506
0.000615
0.000587
0.000528
0.000615
0.000612
0.000579
0.000601
0.000495
0.000570
0.000580
0.000631
0.000609
0.000573
0.000490
0.000755
0.000580
0.000533
0.000591
0.000576
0.000499
0.000546
0.000516
0.000514
0.000611
0.000591
0.000576
0.000554
0.000548
0.000528
0.000589
0.000608
0.000550
0.000571
0.000611
0.000578
0.000582
0.000591
0.000589
0.000603
0.000538
0.000315
0.001285
0.000488
0.000622
0.000572
0.000587
0.000584
0.000592
0.000541
0.000508
0.000578
0.000574
0.000609
0.000529
0.000573
0.000509
0.000567
0.000556
0.000506
0.000546
0.000602
0.000615
0.000616
0.000520
0.000524
0.000605
0.000605
0.000596
0.000595
0.000617
0.000600
0.000586
0.000624
0.000610
0.000525
0.000038
0.000531
0.000623
0.000507
0.000615
0.000501
0.000615
0.000597
0.000513
0.000580
0.000517
0.000549
0.000586
0.000558
0.000573
0.000609
0.000599
0.000183
0.000501
0.000573
0.000502
0.000636
0.000530
0.000615
0.000501
0.000384
0.001296
0.000560
0.000548
0.000620
0.000607
0.002042
0.000525
0.000515
0.000517
0.000570
0.000524
0.000616
0.000614
0.000527
0.000518
0.000598
0.000632
0.000547
0.000568
0.000336
0.000528
0.000612
0.000469
0.000587
0.000586
0.000619
0.000567
0.000339
0.000620
0.000569
0.000585
0.000503
0.000615
0.000576
0.000647
0.000615
0.000613
0.000520
0.000394
0.000584
0.000574
0.000547
0.000314
0.000549
0.000561
0.000589
0.000599
0.000553
0.000746
0.000626
0.000584
0.000535
0.000635
0.000540
0.000539
0.000591
0.000542
0.000070
0.000585
0.000356
0.000570
0.000594
0.000604
0.000587
0.000622
0.000604
0.000565
0.000590
0.436497
0.000591
0.000588
6.331474
0.000603
0.000610
0.000515
0.000563
0.000564
0.000573
0.000616
0.000611
0.000560
0.000593
0.000559
0.000526
0.000571
0.004470
0.000514
0.000599
0.000603
0.000597
0.000553
0.000561
0.000603
0.000632
0.000612
0.000534
0.000565
0.000537
0.000608
0.000516
0.000573
0.000629
0.000597
0.000585
0.000624
0.000614
0.000596
0.000624
0.000586
0.000521
0.000363
0.000610
0.000586
0.000562
0.000599
0.000587
0.000514
0.000559
0.000631
0.000627
0.000633
0.000543
0.000478
0.000476
0.000597
0.000616
0.000567
0.000594
0.000562
0.000632
0.000607
0.000560
0.000614
0.000526
0.000565
0.000547
0.000431
0.000562
0.000604
0.000577
0.000610
0.000614
0.000577
0.000529
0.000632
0.000561
0.000411
0.000522
0.000535
0.000587
0.000621
0.000519
0.000561
0.000602
0.000549
0.000535
0.000589
0.000564
0.000580
0.000574
0.000601
0.000547
0.000612
0.000026
0.000533
0.000562
0.002190
0.000611
0.000524
0.000552
0.000627
0.000608
0.000598
0.000583
0.000543
0.000528
0.000604
0.000612
0.000602
0.000600
0.000623
0.000489
0.000539
0.000561
0.000528
0.000529
0.000540
0.000583
0.000604
0.000547
6.965940
0.000585
0.000694
0.000595
0.000532
0.000427
0.000589
0.000574
0.000605
0.000589
0.000622
0.000561
0.000585
0.000602
0.000588
0.000537
0.000530
0.000533
0.000592
0.000621
0.000581
0.000596
0.000607
0.000502
0.000615
0.000604
0.000604
0.000517
0.000088
0.000521
0.000570
0.000579
0.000548
0.000536
0.000604
0.000608
0.000579
0.000574
0.000558
0.000606
0.000579
0.000598
0.000541
0.000589
0.000611
0.000563
0.000555
0.000534
0.000565
0.000630
0.000580
0.001289
0.000522
0.000588
0.000553
0.000587
0.000576
0.000561
0.000631
0.000552
0.000555
0.000582
0.000570
0.000617
0.000560
0.000508
0.000585
0.000581
0.000535
0.000633
0.000607
0.000496
0.000610
0.000594
0.000466
0.000584
0.000596
0.000632
0.000509
0.000574
0.001429
0.000588
0.000576
0.000600
0.000579
0.000595
0.000544
0.000567
0.000526
0.000584
0.000573
0.000615
0.000584
0.000613
0.000618
0.000600
0.000591
0.000561
0.000608
0.000035
0.000580
0.000600
0.000541
0.000597
0.000613
0.000513
0.000624
0.000606
0.000609
0.000468
0.000516
0.000587
0.000553
0.000585
0.000603
0.000587
0.000751
0.000619
12.400423
0.000596
0.000549
0.000541
0.000599
0.000543
0.000575
0.000613
0.000596
0.000615
0.000597
0.000581
0.000604
0.000602
172.31.33.147
--------------------
0.001072
0.001170
0.001034
0.001162
0.001148
0.001035
0.001152
0.001173
0.001156
0.001049
0.001092
0.001243
0.001078
0.001049
0.001229
0.001141
0.001137
0.001189
0.001105
0.001189
0.001077
0.001153
0.001072
0.001069
0.001077
0.001155
0.001035
0.001095
0.001702
0.001164
0.001120
0.001080
0.001037
0.001082
0.001068
0.001022
0.001131
0.001004
0.001162
0.001189
0.001155
0.001162
0.001183
0.981885
0.001059
0.001063
0.001038
0.001092
0.001086
0.001037
0.001082
0.001004
0.001070
0.001034
0.001192
0.001158
0.001070
0.001193
0.001097
0.001167
0.001082
0.001209
0.001184
0.001096
0.001310
0.001116
0.001155
0.001063
0.001080
0.001154
0.001204
0.001040
0.000259
0.001184
0.001023
0.001169
0.001099
0.001008
0.001114
0.001023
0.001076
0.001181
0.001073
0.001088
0.001174
0.001047
0.001077
0.001155
0.001173
0.001034
0.001190
0.001009
0.001162
0.001039
0.001131
0.001158
0.001048
0.001311
0.001204
0.001093
0.001113
0.001054
0.001173
0.001090
0.001032
0.001035
0.001190
0.001183
0.001157
0.001066
0.001027
0.001111
0.001156
0.001119
0.001077
0.001047
0.001009
0.001118
0.001037
0.001027
0.001154
0.001190
0.001072
0.001048
0.001142
0.001065
0.001193
0.001191
0.001158
0.001176
0.001166
0.001004
0.001026
0.001032
0.001199
0.001070
0.001083
0.001034
0.001335
0.001118
0.001172
0.001151
0.001158
0.001045
0.001239
0.001047
0.001122
0.001148
0.001175
0.001047
0.001183
0.001035
0.001154
0.001029
0.001005
0.001035
0.001199
0.001073
0.001159
0.001085
0.001099
0.001108
0.001078
0.001174
0.001208
0.001167
0.001183
0.001077
0.001088
0.001151
0.001082
0.001178
0.001026
0.001174
0.001092
0.001176
0.001100
0.001181
0.001074
0.001153
0.001195
0.001029
0.001166
0.001182
0.001178
0.001036
0.001041
0.001078
0.001071
0.001315
0.001108
0.001023
0.001155
0.001026
0.001151
0.001088
0.001071
0.001175
0.001068
0.001009
0.001035
0.001080
0.001038
0.001085
0.001044
0.001044
0.001175
0.001155
0.001123
0.001072
0.001088
0.001166
0.001039
0.001074
0.001078
0.001100
0.001104
0.001172
0.001161
0.001079
0.001069
0.001103
0.001050
0.001180
0.001196
0.001189
0.001099
0.001181
0.001080
0.001119
0.001064
0.001166
0.001204
0.001118
0.001166
0.001028
0.001220
0.001174
0.001008
0.001563
0.001063
0.001086
0.001233
0.001155
0.001077
0.001056
0.001089
0.001029
0.001173
0.001086
0.001022
0.001184
0.001176
0.001010
0.001104
0.001076
0.001162
0.001151
0.001094
0.001161
0.001051
0.001082
0.001113
0.001880
0.001109
0.001045
0.001150
0.001829
0.001112
0.001221
0.001102
0.001179
0.001178
0.001077
0.001088
0.001151
0.001080
0.001179
0.001174
0.001189
0.001023
0.001205
0.001078
0.001152
0.001022
0.001006
0.001067
0.001151
0.001174
0.002049
0.001084
0.001016
0.001168
0.001199
0.001068
0.001081
0.001176
0.001181
0.000263
0.001072
0.001036
0.001081
0.001149
0.001121
0.001079
0.001151
0.001038
0.001022
0.001190
0.001165
0.001041
0.002283
0.001081
0.001100
0.001075
0.001014
0.001089
0.001174
0.001058
0.001064
0.001011
0.001081
0.001070
0.052307
0.001045
0.001042
0.001152
0.001009
0.001196
0.001006
0.001035
0.001057
0.001014
0.001186
0.001224
0.001074
0.001129
0.001090
0.001041
0.001106
0.002335
0.001147
0.002221
0.001111
0.001051
0.001075
0.001155
0.001184
0.001036
0.001244
0.001143
0.001023
0.001025
0.001198
0.001808
0.001123
0.001164
0.001206
0.001207
0.001074
0.001177
0.001079
0.001031
0.002123
0.001170
0.001017
0.001033
0.001203
0.001565
0.001168
0.001058
0.001040
0.001291
0.003131
0.001066
0.001029
0.001195
0.001047
0.001158
0.001066
0.001091
0.001089
0.001156
0.001088
0.001019
0.001084
0.001054
0.001178
0.001086
0.001033
0.001091
1.006133
0.001165
0.001080
0.001186
0.001203
0.001164
0.001006
0.001061
0.001043
0.001090
0.001071
0.001207
0.001031
0.001230
0.001023
0.002177
0.001012
0.001074
0.001107
0.001187
0.001235
0.001132
0.001062
0.001046
0.001064
0.001186
0.001007
0.001033
0.001020
0.001042
0.001112
0.001615
0.001168
0.001166
0.001071
0.001109
0.001046
0.001152
0.001221
0.001154
0.001158
0.001171
0.001106
0.001152
0.001160
0.001008
0.001101
0.001164
0.002060
0.001412
0.001041
0.001111
0.001141
0.001044
0.001151
0.001065
0.001315
0.001151
0.001176
0.001009
0.001157
0.001078
0.001198
0.001188
0.001180
0.001026
0.001187
0.001158
0.001045
0.001181
0.001066
0.001036
0.001172
0.001113
0.001175
0.001146
0.001025
0.001100
0.001165
0.001036
0.001167
0.001152
0.001043
0.000213
0.001164
0.001031
0.001087
0.001090
0.001196
0.001049
0.001081
0.001252
0.001164
0.001048
0.001272
0.001149
0.001017
0.001038
0.001215
0.001176
0.001154
0.001171
0.001171
0.001056
0.001156
0.001078
0.001022
0.001077
0.001165
0.001160
0.001184
0.001180
0.001032
0.001092
0.001087
0.001031
0.001081
0.001153
0.001036
0.001049
0.001023
0.001115
0.001088
0.001097
0.001091
0.001037
0.001075
0.001136
0.001186
0.001179
0.001016
0.001045
0.001025
0.001037
0.001065
0.001141
0.001072
0.001082
0.001114
0.001064
0.001019
0.001165
0.001167
0.001266
0.001148
0.001098
0.001034
0.010782
0.001189
0.001180
0.001027
0.002304
0.001053
0.001050
0.001167
0.001052
0.001031
0.001178
0.001129
0.001097
0.001023
0.001150
0.001055
0.001190
0.001010
0.001152
0.001108
0.001197
0.001001
0.001199
0.001078
0.001153
0.001201
0.001141
0.001176
0.001101
0.001108
0.001050
0.001099
0.001066
0.001073
0.001158
0.001048
0.001171
0.001073
0.001195
0.001156
0.001063
0.001091
0.001004
0.001009
0.001034
0.001101
0.001075
0.001063
0.001152
0.001067
0.001211
0.001168
0.001031
0.001013
0.001024
0.001005
0.001162
0.001215
0.001168
0.001095
0.001066
0.001106
0.001742
0.001013
0.001065
0.001186
0.001085
0.001042
0.001047
0.001180
0.001766
0.001168
0.001173
0.001178
0.001157
0.001048
0.001155
0.001131
0.001100
0.001019
0.001078
0.001039
0.001073
0.000241
0.001180
0.001108
0.001118
0.001102
0.001147
0.001083
0.001209
0.001039
0.001179
0.001180
0.001028
0.001037
0.001039
0.001019
0.001093
0.001182
0.001036
0.001192
0.001059
0.001067
0.001076
0.001101
0.001072
0.001175
0.001071
0.001157
0.002104
0.001306
0.001123
0.001023
0.001088
0.001184
0.001080
0.001086
0.001088
0.001076
0.001030
0.001150
0.001079
0.001075
0.001091
0.002203
0.001703
0.001004
0.001081
0.001208
0.001070
0.001035
0.001036
0.001165
0.001035
0.001166
0.001067
0.001021
0.001038
0.001180
0.001057
0.001076
0.001189
0.001030
0.001121
0.001020
0.001045
0.001154
0.001148
0.001151
0.001040
0.001096
0.001085
0.001156
0.001053
0.001165
0.001072
0.001162
0.001010
0.001161
0.001091
0.001186
0.001155
0.001077
0.001305
0.001047
0.001091
0.001073
0.001099
0.001108
0.001197
0.001391
0.001102
0.001036
0.001026
0.001058
0.001073
0.001068
0.001101
0.001201
0.001174
0.001065
0.001102
0.001156
0.001037
0.001066
0.001031
0.001189
0.001068
0.001113
0.001003
0.001156
0.001107
0.001168
0.001180
0.001170
0.001071
0.001050
0.001190
0.001059
0.001108
0.001091
0.001033
0.001073
0.001173
0.001043
0.001169
0.001033
0.000265
0.001176
0.001087
0.001094
0.001038
0.001164
0.001175
0.001016
0.001092
0.001084
0.001206
0.001171
0.001103
0.001096
0.001156
0.001093
0.001067
0.001163
0.001158
0.001112
0.001168
0.002136
0.001037
0.001063
0.001026
0.001034
0.001140
0.001151
0.001076
0.001089
0.001202
0.001197
0.001079
0.001023
0.001078
0.001214
0.001155
0.001114
0.001004
0.001182
0.001175
0.001109
0.001085
0.001059
0.001159
0.001169
0.001198
0.001164
0.001068
0.001196
0.001046
0.001067
0.001069
0.001172
0.001084
0.001074
0.001573
0.001106
0.001113
0.001089
0.001158
0.001294
0.001033
0.001169
0.001153
0.001110
0.001171
0.001038
0.001097
0.001203
0.001070
0.001076
0.001008
0.001009
0.001077
0.001074
0.002183
0.001020
0.001153
0.001194
0.001017
0.001037
0.001154
0.001178
0.001016
0.001495
0.001168
0.001165
0.001183
0.001093
0.001105
0.001187
0.001088
0.001169
0.001073
0.001072
0.001153
0.001214
0.001162
0.001213
0.001162
0.001103
0.001122
0.001179
0.001087
0.001078
0.001168
0.001156
0.001036
0.001627
0.001388
0.001090
0.001073
0.001102
0.001164
0.002307
0.001150
0.001998
0.001171
0.002380
0.001182
0.001047
0.003205
0.001191
0.001248
0.001176
0.001208
0.001078
0.001048
0.001096
0.001141
0.001024
0.001172
0.001023
0.001182
0.001067
0.001084
0.001003
0.001123
0.001039
0.001043
0.001175
0.002028
0.001113
0.001172
0.001110
0.001116
0.001046
0.001047
0.001077
0.001081
0.002404
0.001063
0.001031
0.001170
0.001184
0.001078
0.001113
0.001151
0.001853
0.001197
0.002265
0.001075
0.001130
0.001180
0.001087
0.001092
0.001094
0.001309
0.001043
0.001018
0.001190
0.001031
0.001080
0.001113
0.001148
0.001157
0.001047
0.001115
0.001170
0.001016
0.001161
0.001129
0.001092
0.001065
0.002369
0.001185
0.001009
0.001157
0.001041
0.001066
0.001230
0.001045
0.001179
0.001168
0.001276
0.001092
0.001266
0.001040
0.001135
0.001157
0.001190
0.001029
0.001025
0.001172
0.001166
0.001167
0.001113
0.001038
0.001053
0.001088
0.001037
0.001811
0.001010
0.001473
0.001020
0.001551
0.001225
0.001064
0.001013
0.001020
0.001187
0.001156
0.001091
0.001149
0.001094
0.001075
0.001184
0.001064
0.001143
0.001140
0.001163
0.001067
0.001190
0.001015
0.001164
0.001069
0.001039
0.001878
0.001067
0.001080
0.001184
0.001044
0.001193
0.001093
0.001061
0.001166
0.001098
0.001160
0.001036
0.001084
0.001051
0.001205
0.001074
0.001105
0.001081
0.001151
0.001083
0.001165
0.001086
0.001014
0.001058
0.001172
0.001026
0.001164
0.001060
0.001177
0.001034
0.001189
0.001159
0.001018
0.001077
0.001157
0.001071
0.001125
0.001164
0.001172
0.001009
0.001083
0.001081
0.001067
0.001191
0.001145
0.001101
0.001090
0.001076
0.001050
0.001191
0.001042
0.001038
0.003140
0.001031
0.001040
0.001170
0.001014
0.001051
0.001035
0.001041
0.001154
0.001170
0.001025
0.001196
0.001058
0.001150
0.001176
0.001207
0.001102
0.001145
0.001093
0.001016
0.001184
0.001080
0.001228
0.001071
0.001211
0.001174
0.001005
0.001079
0.001054
0.001196
0.001063
0.001038
0.001157
0.001135
0.002894
0.001148
0.001079
0.001103
0.001045
0.001030
0.001083
0.001060
0.001064
0.001018
0.001080
0.001149
0.001182
0.001053
0.001096
0.001081
0.001080
0.001171
0.001073
0.001720
0.001011
0.001075
0.001186
0.001171
0.001088
0.002173
0.001140
0.001058
0.001091
0.001010
0.001081
0.001011
0.001172
0.001022
0.001092
0.001452
0.001186
0.001123
0.001086
0.001027
0.001101
0.001176
0.001187
0.001085
0.001182
0.001178
0.001102
0.001230
0.001011
0.001161
0.001072
0.001090
0.001179
0.001084
0.001205
0.001103
0.001180
0.001083
0.001163
0.001036
0.001152
0.001169
0.001192
0.001027
0.001104
0.001090
0.001197
0.001103
0.001068
0.001069
0.001140
0.001164
0.001153
0.001074
0.001056
0.001089
0.001152
0.001148
0.001036
0.001151
0.001041
0.001164
0.001178
0.001158
0.001004
0.001180
0.001061
0.001218
0.001075
0.001156
0.001185
0.001033
0.001032
0.001026
0.001190
0.001020
0.001068
0.001104
0.001029
0.001055
0.001046
0.001948
0.001103
0.001038
0.001035
0.001066
0.001081
0.001187
0.001163
0.001082
0.001026
0.002184
0.001076
0.001181
0.001041
0.001086
0.001034
0.001111
0.001078
0.001177
0.001173
0.001185
0.001092
0.001028
0.001107
0.001066
0.001106
0.001078
0.001153
0.001191
0.001162
0.001189
0.001084
0.001065
0.001220
0.001206
0.001181
0.001280
0.001166
0.001040
0.001074
0.001045
0.001175
0.001074
0.001092
0.001143
0.001071
0.001107
0.001082
0.001203
0.001151
0.001172
0.001037
0.001133
0.001019
0.001097
0.001469
0.001181
0.001025
0.001058
0.001080
0.001174
0.001084
0.001021
0.001041
0.001008
0.001190
0.001098
0.001210
0.001100
0.001090
0.001064
0.001096
0.001199
0.001068
0.001160
0.001065
0.001033
0.001027
0.001087
0.001028
0.001017
0.001184
0.001119
0.001174
0.001290
0.001013
0.001166
0.001133
0.001076
0.001177
0.001027
0.001031
0.001043
0.001087
0.001078
0.001043
0.001194
0.001039
0.001017
0.001047
0.001131
0.001127
0.001157
0.001048
0.001046
0.001282
0.002175
0.001161
0.001035
0.001112
0.001100
0.001302
0.001077
0.001010
0.001189
0.001296
0.001178
0.001021
0.001186
0.001073
0.001035
0.001012
0.001053
0.001009
0.001195
0.001083
0.001019
0.001150
0.001105
0.001053
0.001220
0.001171
0.001078
0.001181
0.001021
0.001157
0.001027
0.001154
0.001177
0.001095
0.001033
0.001089
0.001175
0.001175
0.001187
0.001076
0.001033
0.001167
0.001172
0.001279
0.001157
0.001044
0.001091
0.001152
0.001163
0.001031
0.001206
0.001091
0.001044
0.001151
0.001061
0.001166
0.001180
0.001027
0.001016
0.001041
0.001101
0.001096
0.001699
0.001146
0.001122
0.001378
0.001119
0.001094
0.001078
0.001035
0.001182
0.001163
0.001105
0.001054
0.001104
0.001177
0.001241
0.001169
0.001056
0.001102
0.001182
0.001183
0.001043
0.001106
0.001276
0.001082
0.001071
0.001038
0.001073
0.001072
0.001082
0.001088
0.001029
0.001035
0.001186
0.001148
0.001012
0.001699
0.001036
0.001181
0.001008
0.001097
0.001029
0.001157
0.001036
0.001047
0.001162
0.001161
0.001201
0.001163
0.001099
0.001083
0.002572
0.001196
0.001015
0.001106
0.001042
0.001167
0.001164
0.002581
0.001074
0.001192
0.001015
0.001152
0.001155
0.001204
0.001233
0.001104
0.001097
0.001018
0.001076
0.001022
0.001207
0.001012
0.001098
0.001108
0.001013
0.001201
0.001154
0.001081
0.001169
0.001098
0.001073
0.001215
0.001092
0.001087
0.001120
0.001076
0.002415
0.001140
0.001154
0.001091
0.001319
0.001089
0.001048
0.001169
0.002158
0.001166
0.001168
0.001091
0.001129
0.001054
0.001045
0.001041
0.001043
0.001025
0.001188
0.001065
0.001044
0.001153
0.001233
0.001108
0.001018
0.002187
0.001174
0.001191
0.001067
0.001156
0.001180
0.001152
0.001068
0.001098
0.001029
0.001074
0.001100
0.001195
0.001101
0.001170
0.001175
0.001153
0.001005
0.001325
0.001045
0.001172
0.001006
0.001181
0.001019
0.001078
0.001050
0.001092
0.001117
0.001080
0.001182
0.001222
0.001272
0.001009
0.001070
0.001072
0.001210
0.001089
0.001179
0.001117
0.001209
0.001046
0.001150
0.001067
0.001183
0.001079
0.001194
0.001178
0.001037
0.001037
0.001161
0.001061
0.001177
0.001182
0.001248
0.001104
0.001026
0.001155
0.001165
0.001009
0.001045
0.001089
0.001086
0.001111
0.001147
0.001156
0.001034
0.001196
0.001111
0.001064
