172.31.24.234
--------------------
1744.000000
3491.000000
3885.000000
4220.000000
3716.000000
4886.000000
1102.000000
4357.000000
2157.000000
4503.000000
3719.000000
6777.000000
1098.000000
5507.000000
3281.000000
4241.000000
3503.000000
2063.000000
3579.000000
2186.000000
3964.000000
3394.000000
1100.000000
2894.000000
1144.000000
1828.000000
2232.000000
1363.000000
4703.000000
3837.000000
877.000000
0.000000
1990.000000
1113.000000
1158.000000
4848.000000
2039.000000
1233.000000
4951.000000
2617.000000
4141.000000
998.000000
2968.000000
744.000000
1390.000000
5992.000000
909.000000
889.000000
769.000000
6439.000000
6998.000000
3879.000000
4425.000000
1951.000000
3890.000000
1412.000000
2403.000000
4356.000000
749.000000
1063.000000
752.000000
3226.000000
2225.000000
2529.000000
5170.000000
4601.000000
2695.000000
2866.000000
2594.000000
585.000000
5765.000000
2821.000000
2126.000000
2404.000000
1010.000000
3250.000000
0.000000
6157.000000
5116.000000
2330.000000
3068.000000
1577.000000
2452.000000
2173.000000
5338.000000
1118.000000
1285.000000
2156.000000
2552.000000
4287.000000
1893.000000
3995.000000
2989.000000
1848.000000
1046.000000
2554.000000
559.000000
2597.000000
1459.000000
1196.000000
4920.000000
3942.000000
3267.000000
1546.000000
5396.000000
3008.000000
3232.000000
9466.000000
4409.000000
1455.000000
3633.000000
1274.000000
4135.000000
2402.000000
5366.000000
0.000000
3268.000000
3353.000000
2560.000000
5185.000000
1412.000000
3584.000000
1052.000000
5365.000000
3243.000000
1056.000000
0.000000
835.000000
805.000000
2574.000000
0.000000
2205.000000
3902.000000
4114.000000
4740.000000
2101.000000
6562.000000
4121.000000
4427.000000
4483.000000
1476.000000
3867.000000
1082.000000
575.000000
2408.000000
3059.000000
1138.000000
3136.000000
6252.000000
1210.000000
5084.000000
2723.000000
1929.000000
1536.000000
2782.000000
2547.000000
895.000000
3335.000000
2321.000000
3684.000000
6969.000000
3936.000000
3908.000000
3252.000000
5940.000000
2229.000000
3098.000000
2768.000000
1364.000000
548.000000
3914.000000
5176.000000
903.000000
3304.000000
511.000000
5931.000000
885.000000
3895.000000
879.000000
1172.000000
2966.000000
1339.000000
1855.000000
6583.000000
3995.000000
914.000000
2990.000000
2187.000000
3955.000000
7031.000000
2609.000000
3478.000000
752.000000
3878.000000
3214.000000
4445.000000
1593.000000
2553.000000
1956.000000
2031.000000
3681.000000
1022.000000
4998.000000
4371.000000
5944.000000
2240.000000
1313.000000
1597.000000
7500.000000
1482.000000
3326.000000
7794.000000
5377.000000
1621.000000
4344.000000
5592.000000
2946.000000
5605.000000
2129.000000
4054.000000
3759.000000
4805.000000
1117.000000
4405.000000
1114.000000
2197.000000
1425.000000
2245.000000
1628.000000
6524.000000
4898.000000
4891.000000
538.000000
0.000000
8036.000000
3734.000000
1079.000000
5412.000000
2519.000000
0.000000
1157.000000
5826.000000
4380.000000
898.000000
3079.000000
2170.000000
2233.000000
3810.000000
3355.000000
873.000000
1325.000000
2213.000000
2272.000000
3015.000000
2306.000000
2426.000000
1283.000000
2360.000000
5630.000000
2545.000000
1487.000000
2668.000000
1255.000000
1915.000000
762.000000
1945.000000
1897.000000
0.000000
757.000000
6484.000000
4770.000000
4477.000000
8698.000000
827.000000
7506.000000
1005.000000
885.000000
6444.000000
2948.000000
5696.000000
1440.000000
2003.000000
939.000000
7077.000000
2073.000000
528.000000
3821.000000
891.000000
2100.000000
3055.000000
2233.000000
4680.000000
2350.000000
0.000000
3327.000000
1710.000000
2022.000000
4868.000000
4020.000000
2744.000000
3566.000000
6334.000000
7154.000000
4276.000000
3417.000000
1539.000000
4412.000000
2311.000000
3087.000000
4283.000000
4899.000000
794.000000
1028.000000
7333.000000
4532.000000
2065.000000
1779.000000
7699.000000
3684.000000
3255.000000
3341.000000
2409.000000
1619.000000
1419.000000
6389.000000
864.000000
5815.000000
2785.000000
3277.000000
6466.000000
1140.000000
968.000000
5397.000000
1763.000000
559.000000
1354.000000
2227.000000
4692.000000
5085.000000
3683.000000
2090.000000
5747.000000
1025.000000
7602.000000
491.000000
585.000000
853.000000
4343.000000
1629.000000
982.000000
5164.000000
824.000000
7038.000000
8251.000000
6093.000000
3689.000000
5020.000000
6960.000000
2775.000000
5430.000000
4498.000000
872.000000
2476.000000
7134.000000
1305.000000
872.000000
3702.000000
4188.000000
3096.000000
1722.000000
2198.000000
1194.000000
2454.000000
2817.000000
1976.000000
2062.000000
5950.000000
7720.000000
5626.000000
3071.000000
3024.000000
5557.000000
4283.000000
1608.000000
1339.000000
5765.000000
0.000000
3806.000000
5872.000000
1275.000000
874.000000
7474.000000
5694.000000
3494.000000
4637.000000
1201.000000
1410.000000
8285.000000
3542.000000
899.000000
0.000000
994.000000
1105.000000
2171.000000
2474.000000
5147.000000
4486.000000
4373.000000
5293.000000
7938.000000
6644.000000
2427.000000
1797.000000
2995.000000
1432.000000
1202.000000
2736.000000
1927.000000
6040.000000
3071.000000
4988.000000
7292.000000
4508.000000
3917.000000
1129.000000
1425.000000
0.000000
3094.000000
738.000000
1365.000000
6539.000000
2388.000000
522.000000
3933.000000
3626.000000
0.000000
4699.000000
2400.000000
2830.000000
821.000000
3915.000000
857.000000
1214.000000
4062.000000
2136.000000
2563.000000
845.000000
2383.000000
2232.000000
1028.000000
8635.000000
5286.000000
7072.000000
884.000000
1242.000000
4128.000000
5151.000000
2410.000000
3708.000000
7402.000000
2971.000000
4141.000000
3981.000000
3811.000000
5644.000000
4926.000000
5256.000000
1216.000000
2482.000000
929.000000
1369.000000
1553.000000
2203.000000
1077.000000
3176.000000
4515.000000
4083.000000
0.000000
1333.000000
4458.000000
6633.000000
2887.000000
3932.000000
4100.000000
4327.000000
5616.000000
1585.000000
3092.000000
3984.000000
4684.000000
1132.000000
4009.000000
1235.000000
1335.000000
3812.000000
2916.000000
1670.000000
2169.000000
3920.000000
2011.000000
3285.000000
2240.000000
3004.000000
2646.000000
5015.000000
3867.000000
6892.000000
2244.000000
592.000000
883.000000
1489.000000
2354.000000
1434.000000
8698.000000
6241.000000
2969.000000
528.000000
4675.000000
2130.000000
6051.000000
2381.000000
1025.000000
5069.000000
3910.000000
4294.000000
5681.000000
4298.000000
7147.000000
2254.000000
1719.000000
4712.000000
1361.000000
1329.000000
3529.000000
3274.000000
1289.000000
1303.000000
2539.000000
726.000000
4562.000000
1075.000000
2466.000000
2435.000000
2334.000000
3740.000000
4001.000000
3516.000000
5988.000000
4221.000000
4584.000000
3767.000000
2781.000000
6306.000000
4798.000000
2246.000000
1660.000000
10633.000000
868.000000
1365.000000
2725.000000
3100.000000
1951.000000
2913.000000
3366.000000
7721.000000
2054.000000
5081.000000
575.000000
1587.000000
1114.000000
3630.000000
5902.000000
2272.000000
7231.000000
3225.000000
861.000000
4064.000000
2178.000000
0.000000
800.000000
1267.000000
3672.000000
2144.000000
5339.000000
2301.000000
5013.000000
4005.000000
879.000000
2235.000000
4882.000000
6307.000000
2558.000000
3211.000000
2114.000000
1171.000000
1515.000000
0.000000
1283.000000
6570.000000
1118.000000
3592.000000
3916.000000
2705.000000
2539.000000
4818.000000
2194.000000
527.000000
2842.000000
3251.000000
2849.000000
5866.000000
1421.000000
3145.000000
6278.000000
4961.000000
3830.000000
5388.000000
3844.000000
2382.000000
5651.000000
3708.000000
4751.000000
920.000000
835.000000
8592.000000
3119.000000
4930.000000
4295.000000
2233.000000
5021.000000
1455.000000
1354.000000
1192.000000
6349.000000
3627.000000
3301.000000
4624.000000
2646.000000
677.000000
1611.000000
5017.000000
4245.000000
4302.000000
2225.000000
4774.000000
2791.000000
3486.000000
1249.000000
2340.000000
1477.000000
1341.000000
1466.000000
931.000000
2906.000000
5126.000000
2573.000000
3380.000000
491.000000
9028.000000
7646.000000
2720.000000
4909.000000
1078.000000
4561.000000
5175.000000
2791.000000
903.000000
7845.000000
767.000000
2495.000000
5352.000000
1263.000000
1383.000000
1685.000000
3169.000000
3769.000000
1520.000000
5970.000000
1640.000000
1897.000000
2285.000000
1158.000000
4894.000000
547.000000
2126.000000
2254.000000
4415.000000
2898.000000
3861.000000
2154.000000
4224.000000
2061.000000
2017.000000
1196.000000
6130.000000
1102.000000
937.000000
581.000000
2768.000000
1117.000000
3871.000000
1158.000000
3753.000000
862.000000
4128.000000
1405.000000
5483.000000
2839.000000
3318.000000
2071.000000
2849.000000
1650.000000
3442.000000
887.000000
1320.000000
2241.000000
4570.000000
2910.000000
6032.000000
2915.000000
522.000000
1083.000000
1563.000000
1361.000000
7513.000000
1211.000000
4875.000000
832.000000
7091.000000
3962.000000
2323.000000
5084.000000
4259.000000
7507.000000
6104.000000
5267.000000
1203.000000
0.000000
1774.000000
1167.000000
4120.000000
557.000000
5946.000000
9537.000000
1218.000000
1946.000000
5867.000000
4790.000000
5680.000000
1356.000000
5118.000000
5086.000000
5429.000000
957.000000
4040.000000
2599.000000
4146.000000
4285.000000
3053.000000
982.000000
6364.000000
1544.000000
5281.000000
2753.000000
11369.000000
4169.000000
2801.000000
2094.000000
1551.000000
734.000000
840.000000
5232.000000
3073.000000
2191.000000
6107.000000
4924.000000
6117.000000
1933.000000
2614.000000
6642.000000
1183.000000
2156.000000
4619.000000
3017.000000
3879.000000
3535.000000
1540.000000
4207.000000
3053.000000
3127.000000
2291.000000
824.000000
2491.000000
1434.000000
3287.000000
2685.000000
5472.000000
2720.000000
1486.000000
3257.000000
9495.000000
3097.000000
1157.000000
2873.000000
1324.000000
3783.000000
1527.000000
2163.000000
5029.000000
2983.000000
2736.000000
2326.000000
4530.000000
1421.000000
3954.000000
7187.000000
2337.000000
1142.000000
3379.000000
1404.000000
989.000000
514.000000
2335.000000
2430.000000
1823.000000
2048.000000
4637.000000
5075.000000
5924.000000
4733.000000
1150.000000
1180.000000
2460.000000
509.000000
3598.000000
6919.000000
10411.000000
2199.000000
2108.000000
1245.000000
1184.000000
1219.000000
1408.000000
6368.000000
1107.000000
1149.000000
3797.000000
5051.000000
3146.000000
3215.000000
2274.000000
2007.000000
951.000000
3014.000000
8204.000000
0.000000
1636.000000
2091.000000
1668.000000
2885.000000
1240.000000
617.000000
7344.000000
4300.000000
1287.000000
2673.000000
3305.000000
1134.000000
2921.000000
6548.000000
1927.000000
5921.000000
2092.000000
3880.000000
3619.000000
6155.000000
2251.000000
1027.000000
2876.000000
1535.000000
7021.000000
1431.000000
2166.000000
5897.000000
2368.000000
3034.000000
4008.000000
3909.000000
1168.000000
6996.000000
4074.000000
671.000000
4241.000000
6194.000000
1207.000000
1154.000000
7759.000000
858.000000
865.000000
5420.000000
2290.000000
4487.000000
2165.000000
2069.000000
547.000000
867.000000
3315.000000
2447.000000
4529.000000
1328.000000
1395.000000
2788.000000
788.000000
10435.000000
716.000000
880.000000
1681.000000
2137.000000
6229.000000
5994.000000
2239.000000
824.000000
5063.000000
7346.000000
4777.000000
1307.000000
2838.000000
704.000000
5275.000000
1124.000000
4561.000000
5483.000000
832.000000
2157.000000
1936.000000
1073.000000
5028.000000
6615.000000
909.000000
973.000000
5304.000000
0.000000
6766.000000
1208.000000
2398.000000
1514.000000
2064.000000
4013.000000
899.000000
4252.000000
4760.000000
6541.000000
2023.000000
4638.000000
7298.000000
4893.000000
6550.000000
2489.000000
849.000000
0.000000
2142.000000
4910.000000
2906.000000
4738.000000
3117.000000
1965.000000
3647.000000
1921.000000
724.000000
2334.000000
4856.000000
4297.000000
708.000000
6786.000000
1199.000000
1120.000000
6916.000000
854.000000
3300.000000
4437.000000
1921.000000
2674.000000
3653.000000
4795.000000
3544.000000
2820.000000
2304.000000
4333.000000
1029.000000
1191.000000
4190.000000
3363.000000
5399.000000
0.000000
4542.000000
3785.000000
1826.000000
2435.000000
2007.000000
3294.000000
1432.000000
6786.000000
3198.000000
3775.000000
1477.000000
1582.000000
2557.000000
1876.000000
6016.000000
4571.000000
1405.000000
2818.000000
2577.000000
1879.000000
3703.000000
830.000000
4583.000000
4850.000000
2380.000000
569.000000
5259.000000
1174.000000
2958.000000
5694.000000
4206.000000
581.000000
4115.000000
1879.000000
5690.000000
1138.000000
3900.000000
3794.000000
864.000000
1354.000000
5940.000000
2196.000000
2929.000000
2696.000000
4421.000000
5321.000000
3719.000000
1391.000000
3349.000000
1005.000000
2841.000000
974.000000
548.000000
4732.000000
4716.000000
2124.000000
3587.000000
1056.000000
5242.000000
6377.000000
7829.000000
1224.000000
6608.000000
2369.000000
2090.000000
3688.000000
7552.000000
1385.000000
6446.000000
1206.000000
3991.000000
1199.000000
3253.000000
5461.000000
2033.000000
1347.000000
4657.000000
2824.000000
6628.000000
2011.000000
1179.000000
2320.000000
7905.000000
3069.000000
0.000000
1502.000000
9497.000000
4313.000000
5114.000000
5014.000000
5834.000000
2287.000000
6163.000000
1282.000000
3004.000000
6704.000000
946.000000
1548.000000
866.000000
6515.000000
4328.000000
4395.000000
11022.000000
1349.000000
4395.000000
900.000000
1360.000000
2419.000000
1158.000000
2899.000000
557.000000
7048.000000
858.000000
2188.000000
2558.000000
3092.000000
1226.000000
1525.000000
3216.000000
2284.000000
3411.000000
2780.000000
4188.000000
1045.000000
1624.000000
1552.000000
1500.000000
637.000000
1528.000000
920.000000
2131.000000
3839.000000
1853.000000
8288.000000
4188.000000
2303.000000
1477.000000
2808.000000
3330.000000
3352.000000
1010.000000
3603.000000
778.000000
4050.000000
1287.000000
1368.000000
1477.000000
1047.000000
2586.000000
2567.000000
2086.000000
2644.000000
4263.000000
2143.000000
3663.000000
4484.000000
6893.000000
4599.000000
2419.000000
5848.000000
5147.000000
5141.000000
5176.000000
1175.000000
1340.000000
2189.000000
876.000000
4473.000000
2694.000000
1544.000000
3809.000000
801.000000
5262.000000
3965.000000
2767.000000
860.000000
2351.000000
1481.000000
1186.000000
1080.000000
1238.000000
4124.000000
2297.000000
1798.000000
5137.000000
7033.000000
2129.000000
2369.000000
694.000000
1515.000000
5417.000000
519.000000
1102.000000
2593.000000
3111.000000
2652.000000
1349.000000
3317.000000
2915.000000
2027.000000
2421.000000
4877.000000
3189.000000
4616.000000
7000.000000
4420.000000
2378.000000
825.000000
1029.000000
3420.000000
899.000000
962.000000
2011.000000
3721.000000
2002.000000
2909.000000
4080.000000
4746.000000
2268.000000
4702.000000
4732.000000
2694.000000
2110.000000
511.000000
1960.000000
5727.000000
4283.000000
4903.000000
5456.000000
1339.000000
2925.000000
8155.000000
8491.000000
7432.000000
3035.000000
4691.000000
2066.000000
5510.000000
1448.000000
1108.000000
7319.000000
2969.000000
3148.000000
4628.000000
3118.000000
2613.000000
5401.000000
1954.000000
509.000000
4053.000000
4254.000000
4344.000000
4259.000000
0.000000
2954.000000
2876.000000
1376.000000
2688.000000
2502.000000
5298.000000
2378.000000
1977.000000
1041.000000
5662.000000
760.000000
3520.000000
4967.000000
3717.000000
1587.000000
1139.000000
7942.000000
6317.000000
914.000000
1913.000000
1568.000000
6956.000000
0.000000
761.000000
738.000000
538.000000
4101.000000
3149.000000
1981.000000
3640.000000
5676.000000
4937.000000
665.000000
0.000000
2151.000000
1597.000000
4443.000000
873.000000
4447.000000
2084.000000
4530.000000
1269.000000
842.000000
4096.000000
2552.000000
2350.000000
1280.000000
4972.000000
5381.000000
5695.000000
885.000000
1098.000000
4622.000000
5506.000000
1616.000000
1423.000000
5070.000000
2467.000000
4860.000000
3673.000000
2767.000000
2313.000000
2087.000000
3976.000000
2372.000000
1129.000000
3628.000000
5554.000000
793.000000
4123.000000
1238.000000
1005.000000
1423.000000
1352.000000
527.000000
3919.000000
1311.000000
886.000000
519.000000
4457.000000
4304.000000
3627.000000
1086.000000
1043.000000
5191.000000
4021.000000
1868.000000
3578.000000
2677.000000
1118.000000
2299.000000
2198.000000
8234.000000
1836.000000
735.000000
5111.000000
7900.000000
2078.000000
6951.000000
5246.000000
2292.000000
1923.000000
6824.000000
3981.000000
2561.000000
1517.000000
1206.000000
4805.000000
2944.000000
4687.000000
909.000000
4967.000000
887.000000
1135.000000
1120.000000
0.000000
1232.000000
2333.000000
3848.000000
3631.000000
1402.000000
1384.000000
7260.000000
1392.000000
1231.000000
5164.000000
1967.000000
1393.000000
2978.000000
1662.000000
2361.000000
914.000000
1048.000000
3010.000000
4288.000000
2315.000000
3264.000000
717.000000
5641.000000
4717.000000
3317.000000
3985.000000
1440.000000
4080.000000
2679.000000
1498.000000
3523.000000
1867.000000
2058.000000
920.000000
0.000000
833.000000
724.000000
4536.000000
3325.000000
1238.000000
3850.000000
691.000000
3061.000000
2180.000000
1259.000000
1451.000000
2123.000000
3180.000000
738.000000
0.000000
793.000000
2156.000000
2565.000000
2407.000000
5014.000000
4066.000000
3773.000000
3228.000000
695.000000
4523.000000
4355.000000
4771.000000
1016.000000
3470.000000
4942.000000
569.000000
2605.000000
2168.000000
4084.000000
3183.000000
5231.000000
5741.000000
3510.000000
595.000000
4224.000000
4744.000000
745.000000
2668.000000
1288.000000
4803.000000
6808.000000
4800.000000
2523.000000
3320.000000
2157.000000
3913.000000
514.000000
3637.000000
712.000000
1989.000000
1208.000000
4917.000000
3808.000000
753.000000
3358.000000
2582.000000
1086.000000
3061.000000
3299.000000
2439.000000
2836.000000
844.000000
2935.000000
5040.000000
2948.000000
1021.000000
1424.000000
1446.000000
1053.000000
779.000000
4792.000000
2319.000000
711.000000
2538.000000
1149.000000
6716.000000
2745.000000
2845.000000
3484.000000
897.000000
10808.000000
884.000000
3627.000000
4088.000000
1425.000000
734.000000
2072.000000
1069.000000
1342.000000
4096.000000
1445.000000
3556.000000
7257.000000
4271.000000
2856.000000
1518.000000
1169.000000
4352.000000
1574.000000
1251.000000
1304.000000
4691.000000
4397.000000
5658.000000
2161.000000
4971.000000
2197.000000
2391.000000
826.000000
6414.000000
0.000000
3623.000000
895.000000
2139.000000
2457.000000
1312.000000
793.000000
1718.000000
642.000000
2401.000000
3268.000000
2533.000000
4314.000000
5521.000000
3982.000000
7929.000000
2069.000000
5095.000000
0.000000
3724.000000
1416.000000
2825.000000
903.000000
2181.000000
5554.000000
1233.000000
2095.000000
3010.000000
824.000000
764.000000
3646.000000
1175.000000
0.000000
2867.000000
1075.000000
1396.000000
9980.000000
2693.000000
5012.000000
788.000000
6511.000000
2893.000000
2004.000000
2792.000000
881.000000
752.000000
2318.000000
8144.000000
0.000000
2028.000000
6665.000000
2632.000000
5364.000000
929.000000
677.000000
3765.000000
2186.000000
3127.000000
4117.000000
745.000000
4175.000000
172.31.33.147
--------------------
813.000000
1043.000000
1140.000000
1863.000000
1605.000000
1070.000000
961.000000
967.000000
944.000000
1715.000000
797.000000
956.000000
987.000000
1555.000000
1282.000000
779.000000
835.000000
1023.000000
1004.000000
1575.000000
2045.000000
874.000000
917.000000
1013.000000
883.000000
949.000000
1114.000000
774.000000
1154.000000
808.000000
893.000000
943.000000
887.000000
1320.000000
824.000000
952.000000
1475.000000
1815.000000
983.000000
1335.000000
1283.000000
787.000000
926.000000
1140.000000
895.000000
1034.000000
918.000000
926.000000
817.000000
1124.000000
780.000000
937.000000
1550.000000
828.000000
1096.000000
959.000000
970.000000
1911.000000
1006.000000
1138.000000
1151.000000
780.000000
992.000000
1547.000000
1396.000000
1049.000000
1078.000000
1368.000000
1163.000000
1327.000000
919.000000
1363.000000
1172.000000
806.000000
1195.000000
968.000000
1022.000000
890.000000
1328.000000
892.000000
996.000000
1749.000000
810.000000
951.000000
835.000000
1055.000000
873.000000
982.000000
880.000000
819.000000
831.000000
900.000000
1724.000000
1254.000000
1068.000000
1007.000000
1238.000000
843.000000
919.000000
1900.000000
1034.000000
1036.000000
826.000000
793.000000
1405.000000
911.000000
808.000000
982.000000
1045.000000
1504.000000
1655.000000
786.000000
821.000000
782.000000
1085.000000
998.000000
1210.000000
1009.000000
907.000000
1199.000000
1513.000000
1014.000000
987.000000
1451.000000
1630.000000
995.000000
2010.000000
1093.000000
790.000000
874.000000
820.000000
955.000000
1178.000000
1969.000000
2109.000000
785.000000
849.000000
900.000000
1106.000000
1015.000000
1197.000000
1099.000000
1133.000000
944.000000
892.000000
830.000000
887.000000
1168.000000
850.000000
914.000000
961.000000
813.000000
840.000000
1538.000000
952.000000
1523.000000
798.000000
793.000000
886.000000
982.000000
822.000000
932.000000
920.000000
774.000000
911.000000
1180.000000
796.000000
1724.000000
847.000000
1515.000000
901.000000
905.000000
1694.000000
1316.000000
1213.000000
1062.000000
1920.000000
945.000000
915.000000
1048.000000
1207.000000
1174.000000
834.000000
1353.000000
892.000000
1048.000000
932.000000
823.000000
934.000000
1893.000000
1562.000000
932.000000
2049.000000
870.000000
1845.000000
1008.000000
1450.000000
895.000000
885.000000
955.000000
935.000000
1030.000000
810.000000
820.000000
1184.000000
868.000000
968.000000
1245.000000
1085.000000
963.000000
977.000000
802.000000
894.000000
1079.000000
804.000000
1476.000000
828.000000
802.000000
1435.000000
1693.000000
797.000000
1192.000000
1268.000000
1077.000000
831.000000
1000.000000
824.000000
1141.000000
1822.000000
1065.000000
790.000000
1613.000000
794.000000
912.000000
775.000000
850.000000
781.000000
832.000000
824.000000
888.000000
818.000000
1410.000000
1821.000000
858.000000
982.000000
847.000000
1529.000000
1076.000000
1700.000000
857.000000
858.000000
851.000000
1875.000000
958.000000
1009.000000
995.000000
1379.000000
1361.000000
1380.000000
969.000000
1140.000000
1268.000000
940.000000
1125.000000
953.000000
817.000000
805.000000
819.000000
1364.000000
913.000000
1413.000000
1050.000000
847.000000
779.000000
1202.000000
1156.000000
772.000000
764.000000
1036.000000
1208.000000
1013.000000
772.000000
1715.000000
815.000000
839.000000
856.000000
1142.000000
1321.000000
1087.000000
873.000000
1423.000000
812.000000
978.000000
933.000000
819.000000
1255.000000
1001.000000
784.000000
932.000000
921.000000
1310.000000
939.000000
1585.000000
832.000000
1068.000000
1061.000000
961.000000
1545.000000
1561.000000
934.000000
1275.000000
1526.000000
1072.000000
990.000000
786.000000
1538.000000
990.000000
852.000000
1013.000000
949.000000
824.000000
960.000000
1047.000000
1041.000000
1269.000000
841.000000
808.000000
1124.000000
854.000000
1346.000000
849.000000
817.000000
799.000000
1630.000000
946.000000
843.000000
965.000000
862.000000
1135.000000
1436.000000
791.000000
1093.000000
1495.000000
1414.000000
1104.000000
1041.000000
1616.000000
798.000000
785.000000
797.000000
840.000000
824.000000
880.000000
948.000000
1322.000000
987.000000
986.000000
1700.000000
1204.000000
1615.000000
885.000000
823.000000
1135.000000
904.000000
771.000000
1474.000000
858.000000
1439.000000
989.000000
1449.000000
1029.000000
1261.000000
1039.000000
905.000000
1030.000000
1204.000000
1047.000000
784.000000
824.000000
1028.000000
874.000000
850.000000
834.000000
918.000000
1476.000000
2092.000000
823.000000
852.000000
1002.000000
1450.000000
802.000000
1304.000000
806.000000
1694.000000
1613.000000
779.000000
837.000000
1130.000000
1663.000000
789.000000
904.000000
947.000000
1000.000000
1483.000000
917.000000
806.000000
979.000000
983.000000
787.000000
1071.000000
802.000000
889.000000
1022.000000
859.000000
1192.000000
1078.000000
2045.000000
1187.000000
939.000000
910.000000
996.000000
947.000000
770.000000
942.000000
883.000000
1100.000000
797.000000
1017.000000
899.000000
1085.000000
1198.000000
908.000000
870.000000
1039.000000
1694.000000
1002.000000
920.000000
973.000000
1213.000000
1074.000000
889.000000
965.000000
1082.000000
1032.000000
870.000000
809.000000
1038.000000
2092.000000
836.000000
788.000000
1663.000000
875.000000
806.000000
915.000000
1047.000000
954.000000
985.000000
2010.000000
989.000000
2109.000000
1004.000000
1111.000000
811.000000
940.000000
867.000000
862.000000
816.000000
978.000000
795.000000
960.000000
784.000000
1009.000000
971.000000
981.000000
1185.000000
936.000000
981.000000
794.000000
1436.000000
1068.000000
1028.000000
1050.000000
1571.000000
1163.000000
1019.000000
800.000000
1090.000000
1117.000000
1468.000000
970.000000
2049.000000
854.000000
821.000000
835.000000
848.000000
769.000000
1604.000000
1182.000000
920.000000
1098.000000
818.000000
1877.000000
768.000000
926.000000
1061.000000
936.000000
872.000000
781.000000
785.000000
810.000000
790.000000
809.000000
1217.000000
1168.000000
929.000000
769.000000
891.000000
786.000000
788.000000
1017.000000
804.000000
52.216.106.19
--------------------
10877.000000
10877.000000
12362.000000
10877.000000
0.000000
52.219.100.8
--------------------
381.000000
0.000000
1121.000000
381.000000
169.254.169.254
--------------------
428.000000
428.000000
0.000000
428.000000
352.000000
352.000000
428.000000
428.000000
0.000000
0.000000
428.000000
352.000000
